14723163635
15052230188
14951776939
14752021899
19858160759
15286136494
16612687661
15650543701
15878252886
17846468518
13263827752
17469849750
15513846149
13655420797
17188952593
15889588446
15013017811
14544465951
13392280374
15925260744
13492911350
16731241640
18667319103
18232910945
13647207264
14615299880
15045253108
17095290364
15129705741
14481773091
15983784718
17520992183
16636903710
17601199346
13320916601
14656046003
13832992827
17726679298
13310216803
16542581103
16234651311
13708640738
19829796541
18741097434
15243242647
16661795974
18897164477
16534039970
16236704820
16237795454
15213291881
15383367106
14617644586
15503182324
15806161371
18367665616
18741350574
14965349746
17672061630
18637430912
18180829401
17136426490
13553092285
13397795857
19849222762
13118233105
13901411251
13583328972
19877221547
13103685432
16646083826
17453562812
17317430582
14432149095
17477684003
13867685953
18220227406
17341008888
15180453631
17171645381
19802675461
14821396088
14868323611
15101285664
15312802428
18320343879
18980883563
14573154570
15667103207
18256607245
15786808022
15154871112
19941015680
17245174586
17014762322
18338375642
18580828256
13212015323
13294357344
16681117534
13102537143
13968476460
13836471640
17694812841
17554680612
13694741276
14585923708
17029741672
17169120315
19168911226
17291341823
17859612868
14918225376
13529260977
17463304514
19962749279
18111122821
14955710139
14991216063
16769601175
15105955649
19808746578
15352089303
13764604215
13833316285
15576082855
14787947462
13822474535
18691639295
15927470590
15283925625
19125427727
15622144771
13829553365
15215031179
15421817446
14794963718
16547076970
17103149776
17228332480
13091331410
18997984752
18267274649
19805086997
14614041848
15089430998
15007590002
17770054945
18150904455
17836230773
14743127327
18950351618
18652451211
13328600863
15372571071
19155949551
18952006986
17799393384
17359775120
19909695996
14970740426
18850811861
18662329131
14749575083
14815761413
16647617363
18229058517
17864018662
16296200899
13149314502
15947606371
13480221400
15661297194
18733646523
15713895082
18389337093
13673267384
18291466298
19801771861
14749231464
13853433384
16639248648
15986125188
13825464771
16288050814
14631745003
14877792699
15003382834
14696946001
18292149315
17283549968
17065997647
16218598088
15118981165
17767904669
13034502457
17427944554
19817467582
15421110860
15530424111
13810113220
13195998806
13887509199
18017110478
17514569583
15926350438
18975294897
13692965148
13502765137
13684020515
18994368212
15313030458
18251192255
18516930450
15194094516
15612713048
13576827182
17528212813
14414638779
17371583935
13225281106
15965348478
17464925485
14974682916
17262301487
18877546600
13711454271
14975841692
17774385807
18888265157
15545035292
14869864899
15849276050
17443624740
14434208889
15632543528
18303209517
15296132392
18148070895
19129240965
15079518222
15356369901
15466235579
18007082039
15530824104
14625334605
18803049968
14949293420
14930092718
18119573770
17558847711
15778761424
17290320348
18523249539
17823120529
18431378005
15036393193
18409317855
13401896521
17363792908
14477870847
13168804000
19978586164
15311064695
13692874759
17647810278
13429147877
18889230177
18914802945
18778609401
15018398423
17869112287
15367465452
19943849859
15523306850
14987188310
15363610165
17557553175
18386604320
14903164422
18076789836
14794579053
15158062378
14815704127
13038680133
18157379330
13504124705
15942939028
17793227479
16790514434
14788750934
15516737816
18617598272
18982152124
18658426647
18079673714
13546980739
17701600396
17857747466
13446629773
17074282397
18112267182
13969450297
18518796817
18683867527
15844564308
13985026889
18391469061
14932017158
17241889405
19970079771
17033463086
19142254178
18276362843
13544352559
16710560569
13047337270
17122583609
13329365812
13549997836
17874857861
18253712952
15779505757
17149833437
16742366301
13518777538
14413618867
18853699170
15823872525
15647328384
19144808520
15507362808
15798353198
13904842969
14405748761
13871695830
18485981500
18739420114
13971302837
16626764328
16744648395
18187652214
17149232807
14510080094
17016374964
17761652465
13785968513
13268099334
17246236154
18911927702
18591372846
16684212952
15309137716
18092813210
16502533450
18017896964
13276386290
18514317268
19155190315
13043880632
15662531612
19839960132
14440398597
16254340455
17239048139
15113227027
14672422211
18254254307
13233498361
17249571611
17105671809
17623069286
16266660037
18445545499
17306687659
17381775674
17091592468
15156934765
16258081962
15314773039
18801993191
18983757861
13610223183
18325252418
13350884109
15879235782
18622016083
15133310601
16537856627
18567397314
15400822183
13574779233
19844568396
13609922906
14925804246
17557713621
15332630985
18568260788
14779810223
16707371034
14979572157
18156938972
16699214385
18182451257
13081654876
16603132020
15779928844
18882269021
15355501092
14559368524
17262128005
13899082484
16743434922
14604501423
13912791046
15698463534
18212877965
17464629748
15904801892
18465350351
18298224218
17360976642
15147858225
19837700000
18101653467
16645557518
18387102059
17589195471
14714093475
13907729358
18503698071
15899960069
17009802522
14539533373
13834040911
13230668807
15905982801
15268249240
16640568413
15236748531
13163938234
13262715468
17057130761
15148308901
14679191006
17366632406
15604764722
18510400783
13772388480
18397973735
13374417828
18295832192
15572830511
15102358875
18853458588
13084699948
17839142030
14930835457
15741970764
13934381762
13532094913
17182898643
18771999794
13313151769
16538815261
13987203081
18957625310
19998800621
16619597628
13552288801
15730201794
18429842538
14863396289
18898645970
15475861782
18032330598
16746450572
15630968757
19129826196
15213846620
18794313480
16749489384
16621884201
14855707104
19919739495
18594914102
17302174567
15223475709
13376548250
13783517754
13147170430
13857522063
18456783118
18570989303
13121234551
18753838556
13758716781
13353175257
16683413601
13133643304
15442062928
18274798075
17208703206
13654679823
13638073435
15243285718
17364931805
13035966764
18524002800
17621489737
18508280069
18158471255
17572245031
17342367344
17183478125
13447562502
15387886431
16716055536
17644658777
18525372057
15205260019
15557552661
14910287153
17213578183
14787732673
16250804665
13550749891
18885930449
15212197584
18941065887
17728907783
14750963614
13474798653
15902556860
17670161748
13481171325
14587250220
17607281146
18844977809
13272172166
14540160607
15802430730
18986067507
14432445385
18572423865
18224633390
14756508838
18732567035
17892498165
19849144695
13545953835
15021344267
19908712834
15833842378
15255507382
17126251637
17275076613
17458494082
14749023131
18293522839
17270417049
14566949544
14440368572
18701448240
13855446363
15906973035
15212665458
15990075638
16767844384
16598365927
18623083195
19119244325
14721011315
18716613470
19969041206
15608357744
14772205130
17590373019
15242086302
17445002326
15055179987
15987578509
13845112065
18321867045
15227465479
14800573790
19912859691
15390744427
13366475496
13833373953
15673450804
18401880498
17336191388
15722528199
13617902856
15536014248
18504046453
17796552004
16732582109
13872194191
18535061207
15790655577
15184195554
14582509896
16202752762
19866956510
15044103178
14639546205
18489684631
13115892627
15466157562
17033299673
18376525656
19144136290
18799883595
18927089434
18632411142
18169837767
17798382038
15567643309
18918397914
17456198518
13955976889
17189689851
13088893156
17400824205
17066979566
15256367341
15483965417
17336333453
15956515163
15524788185
13740315972
19837568401
13757206520
18647467989
17366512152
13629756429
14963536823
15703668094
16588756645
14642319683
15960412366
17043675901
16281397607
19942979152
18315349205
15123863761
19932536165
17243572588
15902989855
17572236523
13544018972
13348634209
15145269209
14415804905
14874105296
13556076314
16210715916
15938897324
13525873907
15421387305
16211129449
14804943448
14428442587
18244116169
17017548931
16248906592
18174772459
17703051860
15844863194
18635088113
18252646566
18768217551
17762348272
13109426006
13034922985
14577702272
13125051544
13089419044
13198556751
17193221623
17072550235
15594209019
13785009030
18955814825
15664157541
13408829406
18709861296
16277064686
17324523365
18310492641
15118218241
19185630103
18379679675
13501720834
18985687033
17882641162
17334314475
17048378808
14545490596
15390919974
13164173084
14677441193
18143502622
16273548920
14628120198
13449004773
14593917719
18958630866
17795006152
18421546724
13107911637
15136429324
18306573316
19171175110
18788471714
13655018425
18040246900
15227447903
19975463092
15492505832
18261476393
17620719327
19103770347
19805852184
15363559683
15444627272
19946191419
18684839902
15528191063
18078013155
13424794849
18274439927
16611634226
15964833257
17175901046
18058385940
17734203338
17505113625
14429647987
17750603255
15737612460
14865444752
14828090141
17878745779
17523199230
14596493051
18042402524
18737811245
16771690824
15414641331
19859336621
13314375562
18199778039
14744409907
19812948709
17012561804
17849784547
14762397177
13079728564
18910489902
14498059778
13011738481
14649101492
18653861987
14943982194
13711083572
16682036435
13410725801
19161577042
14843019503
15650709312
15232608825
13131322792
13301835827
19151319083
18170617234
17788382608
17839900502
18639458768
15010234467
19852034848
13196114757
15426488135
14782083805
15346719227
13085025825
15372319973
17286510803
18157213432
13406957630
13809399552
13910686025
13771504513
14537549354
15073108645
16294339937
13336677732
17337689646
18661925021
18526615381
17528803618
15417717919
19104822327
17008089485
16209438614
18701222202
18168911667
18406151055
14424435392
13516562632
18608882103
17124309083
13637554051
17331443420
15891255195
13478768426
15485039361
17173735295
17304010713
18284827811
16732213954
18783528399
13532467521
15258103246
17812549989
14784029758
14776377632
18688401937
18765971410
18435816322
17481007131
18244194438
18001254989
17655689177
19900377339
18978157065
13936921616
16566405869
15758660026
19825119969
18059207118
13687242683
18006005010
19810001358
15985677445
17562348975
18004470067
13370262329
17058406726
13231834747
17521711805
15232166162
14717168195
14682025834
17098715318
14580423544
15300119551
15199989673
16536698416
18271754527
18338253128
17251613411
18234141982
18122956190
19904388680
14488971250
15839140535
13438098853
15469714609
18237635712
13438026560
18093511412
17438621869
18019397635
18803736684
15932883694
18809886831
16208738637
18256607785
14493906019
18040203663
16799498427
15228612167
13276743600
19874964846
18434130711
18959341813
15299284932
15528401779
16729971074
16690555473
14989993438
17618804987
13356662633
17304777059
13469540062
16726962813
17767451340
13270169501
18538094913
13218673296
13258461421
17718816445
18548916263
15520105400
17369146140
15080288832
17196030948
14876420025
13260732574
17707477906
15620342941
18907426621
13003470032
19886693129
15426161596
16273108720
15619099905
17177384805
19131452144
17429463747
15162489119
13472371727
18653380321
19993035074
19176379184
18770091304
15853784306
16624600661
13190468244
17609711768
18770969437
17352616953
18699667208
18616324940
13193390562
16616933960
15381941185
14793774467
15368263673
14817061553
19122422621
15141741327
17796803639
17232420516
17494129754
15669737585
17402181647
19857315483
15346491472
13577952911
17064302199
17293925227
13081394907
16756608548
15214339529
15484567684
18747104096
18434989234
17873631192
17628392854
17070554746
14797340625
15735975416
18899557306
15290686364
15876557488
13772473055
17861531543
17751840060
15783355772
16517984677
18517665198
17611395532
18666226085
13739361821
14834216385
15317951409
15626442577
16502347674
18015987715
16282991173
17392482903
14525537240
13489889497
14882304837
16623699279
15907624471
16748838225
15395501316
13604686845
18570802218
18183339277
13869887024
14442759210
15111906975
17643203333
18560806654
